15
400
0 9176 2
1 5459 3
2 3939 4
3 8823 6
4 8482 1
5 1923 5
6 9781 6
7 7294 1
8 1688 1
9 8842 6
10 5867 4
11 1865 2
12 9608 2
13 5450 1
14 4456 2
15 2732 3
16 8458 1
17 6873 6
18 5297 5
19 6994 5
20 2657 1
21 3706 6
22 4675 6
23 3668 2
24 5856 4
25 7375 3
26 2317 4
27 2584 4
28 6685 2
29 9586 6
30 6942 1
31 4595 6
32 6781 3
33 2441 1
34 1033 4
35 3772 6
36 2565 1
37 6105 2
38 1630 1
39 4669 5
40 7253 6
41 9111 3
42 5813 1
43 8029 6
44 9368 2
45 3011 1
46 7659 5
47 9831 2
48 8734 5
49 4478 1
50 5199 4
51 9394 6
52 2101 5
53 2711 5
54 7230 3
55 8841 3
56 9091 5
57 7308 5
58 6451 1
59 3368 4
60 7862 5
61 2404 2
62 7463 2
63 8905 2
64 8032 3
65 9969 5
66 9120 3
67 9226 1
68 3605 4
69 8658 5
70 6838 6
71 3150 6
72 2456 5
73 8009 3
74 2267 3
75 6349 1
76 6407 2
77 6358 4
78 1083 4
79 7430 1
80 3577 6
81 4863 4
82 1928 2
83 2338 1
84 3402 3
85 8710 4
86 7843 4
87 8943 2
88 1354 1
89 7273 6
90 7962 2
91 1823 1
92 9012 2
93 9116 4
94 1546 5
95 1621 4
96 8114 4
97 2708 5
98 5095 1
99 6878 6
100 8668 1
101 6616 6
102 7987 2
103 5275 3
104 5547 6
105 3199 6
106 4896 4
107 7390 1
108 6795 3
109 9235 5
110 9815 6
111 1340 6
112 4429 3
113 2860 4
114 6188 5
115 7462 4
116 1102 3
117 8357 5
118 2987 2
119 4687 5
120 5649 1
121 6965 5
122 4104 4
123 1122 6
124 7439 6
125 7097 2
126 6981 1
127 5141 4
128 5378 5
129 2285 3
130 6905 6
131 8043 6
132 7566 3
133 8267 5
134 1322 2
135 4818 2
136 8302 2
137 9864 1
138 5227 5
139 6480 5
140 7820 3
141 3811 6
142 6348 6
143 5349 1
144 9986 6
145 1266 5
146 9268 5
147 8723 2
148 4943 1
149 4224 5
150 6047 6
151 4906 2
152 7309 4
153 4719 2
154 8969 2
155 6298 4
156 5429 4
157 8717 5
158 8897 2
159 5271 5
160 3472 1
161 7314 1
162 2284 1
163 1089 2
164 2128 1
165 3540 2
166 1405 1
167 6303 2
168 9104 5
169 9767 4
170 9634 4
171 4226 2
172 6914 5
173 2913 4
174 7921 6
175 6583 1
176 8041 6
177 6880 2
178 1218 4
179 8474 1
180 3142 4
181 4616 6
182 1880 2
183 4074 5
184 6475 2
185 4451 5
186 8561 4
187 4297 1
188 3958 6
189 7966 3
190 3062 1
191 5806 1
192 8311 6
193 6687 3
194 6152 1
195 2738 3
196 8730 6
197 9814 5
198 3890 3
199 5621 3
200 2227 2
201 5057 5
202 6064 4
203 3798 4
204 9706 3
205 1013 1
206 4493 4
207 3433 5
208 6660 6
209 9773 6
210 3602 6
211 6405 6
212 5689 5
213 5407 5
214 5870 2
215 6004 4
216 9459 2
217 4150 6
218 5585 6
219 7359 5
220 5591 4
221 1305 2
222 1370 1
223 6048 3
224 2085 1
225 3985 3
226 2112 2
227 1181 6
228 4785 6
229 5723 3
230 7458 3
231 7196 3
232 7906 3
233 1276 1
234 9573 3
235 8856 1
236 7834 3
237 8605 2
238 3198 2
239 8898 5
240 2178 1
241 3334 2
242 4217 6
243 2420 3
244 7866 2
245 6139 2
246 7257 2
247 7162 4
248 9941 3
249 9189 4
250 6537 5
251 2523 3
252 7693 1
253 4954 1
254 6056 1
255 5163 1
256 2475 1
257 3593 3
258 9126 5
259 4967 6
260 8495 1
261 4143 6
262 1728 5
263 1803 5
264 3737 1
265 9959 3
266 1567 3
267 4817 3
268 9977 6
269 1849 4
270 8653 1
271 4222 3
272 1691 3
273 4430 4
274 7569 5
275 2564 2
276 1785 6
277 8530 5
278 5998 3
279 1959 1
280 3302 5
281 7100 2
282 6765 3
283 6053 1
284 5110 5
285 4602 3
286 3764 4
287 8534 3
288 2838 3
289 9989 2
290 9565 6
291 4656 4
292 3445 3
293 5722 2
294 1371 1
295 9592 5
296 5644 6
297 2131 1
298 6054 6
299 7997 3
300 7740 5
301 7700 1
302 9744 5
303 3948 2
304 9948 3
305 5359 2
306 9170 3
307 8498 2
308 7623 3
309 1221 6
310 3019 6
311 9823 3
312 1498 2
313 4254 1
314 1651 3
315 4029 2
316 9370 3
317 1055 5
318 5628 4
319 8876 3
320 6279 2
321 3627 2
322 7979 6
323 6376 5
324 6664 2
325 9166 5
326 1145 3
327 3675 2
328 2304 4
329 4117 1
330 1724 1
331 1255 2
332 6497 6
333 6725 4
334 2355 4
335 9737 1
336 5837 1
337 4682 4
338 4317 6
339 1529 4
340 5960 4
341 4873 6
342 9123 6
343 2893 1
344 6626 5
345 7268 3
346 1483 6
347 2847 4
348 1507 2
349 9544 1
350 3993 2
351 9429 1
352 7858 6
353 5214 2
354 8326 2
355 6654 2
356 9595 3
357 5510 3
358 4811 4
359 7482 3
360 8629 4
361 7743 4
362 4643 1
363 1531 5
364 7452 2
365 7756 6
366 2985 1
367 8054 6
368 3077 3
369 8591 3
370 5488 1
371 1103 1
372 1594 4
373 5188 6
374 8778 2
375 5881 1
376 6999 4
377 9072 1
378 2466 3
379 9354 6
380 3428 5
381 1663 6
382 3598 3
383 9994 2
384 6677 4
385 9201 6
386 9158 4
387 2198 2
388 2682 4
389 5869 1
390 7592 5
391 8893 5
392 7276 1
393 8087 1
394 9508 3
395 7741 5
396 7770 3
397 7877 4
398 3785 4
399 9490 1
3
3 8
1 14
9 13
10
369 184
15 94
298 139
16 17
137 26
120 177
341 169
215 113
282 28
98 87
4
319 78
93 213
193 326
333 253
10
359 361
248 227
91 272
376 90
261 43
27 351
40 33
304 104
69 132
334 373
