20
400
0 3937 3
1 9778 6
2 1731 1
3 1781 6
4 3572 4
5 4594 4
6 9938 2
7 5206 1
8 9934 1
9 3518 1
10 1413 6
11 2081 3
12 2098 1
13 1883 4
14 6257 6
15 1660 3
16 8266 1
17 2807 4
18 7159 1
19 3836 6
20 2929 1
21 7396 2
22 2437 3
23 9079 5
24 3804 6
25 7053 6
26 6303 6
27 9594 1
28 4345 1
29 4203 3
30 8837 4
31 2060 1
32 9553 2
33 1295 5
34 6766 3
35 6455 4
36 6015 6
37 2172 6
38 1147 5
39 5854 6
40 7629 5
41 7684 4
42 3154 2
43 9922 6
44 3471 3
45 9975 1
46 7235 5
47 7137 2
48 1395 2
49 2713 1
50 2522 6
51 5603 3
52 7865 5
53 6795 4
54 3455 5
55 8193 1
56 4025 3
57 1036 1
58 8547 4
59 9475 4
60 6038 1
61 4448 3
62 2385 4
63 6102 4
64 9395 4
65 2700 2
66 5909 6
67 9822 3
68 9367 4
69 8793 4
70 1580 6
71 1275 5
72 9585 2
73 9994 6
74 4799 5
75 2055 3
76 1850 4
77 5910 2
78 1107 4
79 3831 2
80 8994 1
81 5287 5
82 3594 3
83 5541 4
84 2199 4
85 6902 3
86 7154 3
87 2391 1
88 7977 2
89 6406 1
90 7097 2
91 8465 1
92 1408 3
93 5471 2
94 1088 6
95 3146 5
96 4308 1
97 1490 4
98 3505 2
99 1884 2
100 3704 5
101 3392 4
102 2746 4
103 7434 5
104 7256 6
105 2910 3
106 1305 5
107 6181 1
108 6221 2
109 4079 3
110 8101 1
111 6988 6
112 9781 4
113 5127 5
114 1902 1
115 8966 6
116 8414 2
117 5063 5
118 6401 3
119 9331 1
120 9581 4
121 1941 4
122 3808 6
123 6203 2
124 5133 4
125 3559 3
126 8249 3
127 1693 2
128 2940 2
129 4225 2
130 2170 4
131 5234 3
132 8938 5
133 7772 2
134 3672 3
135 5660 5
136 6633 5
137 1209 1
138 4493 4
139 9255 3
140 2452 2
141 9924 4
142 1801 6
143 8782 5
144 2515 3
145 7374 2
146 6274 1
147 6674 6
148 6534 5
149 2141 1
150 8957 3
151 3239 3
152 5331 3
153 4719 5
154 6178 4
155 1662 2
156 1404 2
157 3249 6
158 7011 4
159 1669 5
160 7234 6
161 1271 2
162 5483 1
163 7761 2
164 6684 1
165 3072 3
166 1755 6
167 5013 1
168 1697 2
169 7248 1
170 8565 2
171 3244 5
172 4221 5
173 3984 4
174 6575 1
175 6982 2
176 3219 4
177 6013 4
178 5677 1
179 6495 3
180 9244 3
181 8587 4
182 8119 1
183 7576 1
184 9430 3
185 9638 3
186 1298 6
187 1773 1
188 6600 4
189 8569 3
190 2295 5
191 1160 1
192 7095 2
193 1841 5
194 9841 1
195 8511 1
196 4565 3
197 8862 1
198 8727 1
199 3017 4
200 5021 6
201 9923 1
202 4984 1
203 2695 2
204 6426 3
205 3487 1
206 2507 6
207 6072 6
208 4694 2
209 8018 5
210 3077 5
211 9848 1
212 4548 5
213 1190 3
214 2559 2
215 2502 3
216 4555 6
217 9093 2
218 6100 2
219 4021 5
220 1332 3
221 5500 4
222 8714 1
223 3459 6
224 9618 3
225 7444 1
226 9885 5
227 9519 3
228 7042 2
229 6451 5
230 9590 3
231 7134 6
232 1814 4
233 7215 6
234 7628 1
235 3167 2
236 6363 4
237 6017 3
238 8308 5
239 3862 1
240 5807 2
241 2687 5
242 2738 6
243 4577 3
244 6881 3
245 7073 3
246 7922 2
247 1686 6
248 5399 1
249 7332 6
250 3003 3
251 1216 5
252 9271 3
253 2324 3
254 8368 1
255 8478 6
256 3255 3
257 7310 4
258 5169 5
259 1934 6
260 1199 4
261 8058 6
262 8705 2
263 1011 3
264 8805 6
265 4515 3
266 9886 4
267 5743 4
268 2711 6
269 8305 1
270 1559 3
271 7536 1
272 2928 6
273 4354 5
274 9825 2
275 2560 5
276 2914 3
277 3688 5
278 5741 6
279 5215 4
280 9948 1
281 5804 1
282 5924 6
283 6065 2
284 6359 5
285 2314 5
286 4616 4
287 4252 2
288 4838 3
289 6110 4
290 2844 1
291 1713 3
292 7787 4
293 5113 1
294 4421 3
295 3305 4
296 4656 1
297 5585 1
298 8949 4
299 7066 2
300 7652 6
301 5545 5
302 6448 3
303 9055 6
304 8519 6
305 9117 6
306 7998 6
307 7502 4
308 9400 3
309 4470 4
310 3087 6
311 3539 1
312 6316 2
313 3791 3
314 3073 4
315 5017 2
316 6392 5
317 5428 5
318 7423 4
319 7786 6
320 6538 1
321 1489 2
322 6436 1
323 1706 6
324 6310 3
325 1274 4
326 2803 5
327 4812 5
328 5634 2
329 6593 3
330 7440 3
331 6241 4
332 2277 5
333 5961 2
334 8464 5
335 3019 4
336 4803 1
337 3773 5
338 1454 2
339 2524 6
340 9398 1
341 5142 4
342 5015 4
343 6621 6
344 7290 4
345 5562 3
346 7571 5
347 4058 6
348 7732 3
349 7653 4
350 8331 5
351 8567 5
352 9114 5
353 9484 6
354 2372 1
355 4792 1
356 9696 5
357 6851 1
358 1179 6
359 6124 3
360 7519 1
361 4732 1
362 5054 5
363 2050 3
364 3880 2
365 7920 1
366 3784 6
367 3287 6
368 8914 4
369 3581 2
370 4003 2
371 5998 4
372 9399 1
373 6342 4
374 1838 3
375 3333 1
376 7933 6
377 5511 1
378 7970 1
379 9337 3
380 1176 3
381 6443 5
382 2525 2
383 8413 4
384 1516 1
385 5300 5
386 9821 4
387 4655 3
388 7771 3
389 1536 1
390 7063 6
391 8935 5
392 6481 6
393 1166 4
394 7422 4
395 3034 2
396 7555 5
397 8016 4
398 6320 6
399 7385 3
3
8 10
16 7
11 3
10
331 59
190 345
84 37
69 179
318 119
116 267
149 312
17 359
297 92
308 354
4
264 87
303 120
263 235
265 130
10
148 332
226 104
258 174
193 382
279 115
7 394
38 72
391 5
366 121
78 136
